1.8676563840760185	1.8726559332514072	1.7528532295763253	1.9675935971702472	0.8943250515532485	0.8943169339573044	0.843595628594955	0.9465388393880795	0.6681401239806004	0.6683190180443334	0.5819815105080275	0.7587850717566844
1.9635659199179385	1.9628486569269843	1.864662201799964	2.0770188989526006	0.9807671893341406	0.9874142349799532	0.9537866762743902	0.9953152952248162	0.7806990278910727	0.7899718916029209	0.7010706385832008	0.8501706475959708
1.8588074827110255	1.8520058607541767	1.7854652129040012	1.9325762498403567	0.9355349286405408	0.935362266550383	0.9213781660586241	0.9514328948552578	0.7722442108572706	0.7702159350542344	0.7255444942791457	0.8324009038844759
2.0190860195817018	2.0130650767300695	1.9743182003825615	2.0954034242353945	0.9816538831507122	0.9874697240371262	0.9546370401773964	0.998486683010367	0.6325790773874842	0.6339134215211503	0.5518948628454629	0.6992583232403633
1.9657706524226064	1.9679805974808515	1.8699202376266835	2.069327080634409	0.9642887257508155	0.9665755036141842	0.9374175006547824	0.9831588152880935	0.676639127804997	0.677592721329986	0.609833840582623	0.7508774489651997
1.9577684733440501	1.961739946812534	1.8928175975556474	2.0238273691510984	0.9806106157130784	0.9831628625023534	0.9597689953264876	0.9956796304976572	0.7351256904591765	0.7312984869341673	0.6834147904224429	0.7985142232312493
2.0623694813582936	2.0713533931394488	1.982239154656952	2.122925655558088	0.9966701145750839	0.9973235798755183	0.9901435635178941	0.9997857229945217	0.7416818681981325	0.7400785198812823	0.6963077203917987	0.7799556250354482
2.21961235816386	2.2085168942901836	2.0703269221552083	2.409157842591839	0.895839858743091	0.8922071008439708	0.8370211509717583	0.9522866147520702	0.7390396123145774	0.7413042041117006	0.6539903857800452	0.8274165783632165
2.102863957727617	2.1160236934047183	1.967402821389504	2.191034005031708	0.9847219432389347	0.9840540892738808	0.9717332033768402	0.9958926744863558	0.7654834722352756	0.7675519918939165	0.711179451473515	0.8195630973832214
2.02511790453339	2.0185295531423915	1.9670668620525744	2.094273872316273	0.969507109048007	0.973642718480916	0.9471946988240778	0.9902814050584833	0.6185447701836592	0.6211286861466602	0.5226074004971726	0.7137868062185089
2.1084979602277567	2.0994689236818953	2.042214535357639	2.194842726568546	0.9961860365269047	0.9969141206876061	0.9903979147288187	0.9994344711052268	0.672539311965383	0.6770530900130884	0.604649842008422	0.7396986187631694
2.059510340297486	2.053654121771521	1.9800851648592357	2.14707800477134	0.9955420441676521	0.99681182695533	0.9902179400914985	0.9993862953499799	0.726776237647724	0.7275667349369265	0.6841366230571864	0.7770624789167514
2.151561411203086	2.1786252965707047	2.0486832954725873	2.2243339492641203	0.9973881528036143	0.9987266137239059	0.9940841798945375	0.9987552331953231	0.7373929862659123	0.7330525420232821	0.6898411170985318	0.7965337967546597
1.9922956845409623	1.9866623725503159	1.8821958869988253	2.1130845160672957	0.9752009292635826	0.9744436334791493	0.9708142111111439	0.9831556539441957	0.7731849984184126	0.7771685754113368	0.710800721379195	0.826603744402219
2.281613964875076	2.280768709341117	2.2782277619417877	2.285892305800811	0.9014803821042194	0.9013864988555685	0.9013449277851445	0.9017906214975668	0.7680363789634642	0.7680421161296912	0.7668437157776347	0.7694847358929694
1.9896846418894714	1.978526005624836	1.9145188517728073	2.0739642414285178	0.9947631663076554	0.9965222938019681	0.9857199758916588	0.9991224655459537	0.6049458100570169	0.6041516277097112	0.5191679091718434	0.6771114435979559
1.9392914225097213	1.9363560758003777	1.8497889294521652	2.038970818656797	0.9933351042349031	0.9965407388274152	0.9741665007263408	0.9987720154665265	0.6647238109934761	0.6642928999337432	0.5867791718918264	0.7447788455363232
2.1954387201902423	2.1918170975536433	2.0432319407633996	2.3647016271861268	0.8374145520251915	0.8308422254898019	0.8051820572914974	0.8768781892728028	0.7406256795894886	0.7542483665186039	0.6654766805882407	0.8081454010554076
2.038484464727006	2.0366888550088658	1.945660918098143	2.13364832348608	0.9970108687332475	0.9977297294122016	0.9927436564876024	0.9994739539272272	0.6154377658817722	0.618448205083009	0.5374380688992412	0.6970774642171395
2.048800386575133	2.0519796445446503	1.9831980419965145	2.1173744011882687	0.9879984143887304	0.9884855488485726	0.9765687680917381	0.997896712505259	0.4964153903588352	0.49429061682049646	0.4251890499153387	0.5747280079140452
1.9450412794977978	1.9230493320013422	1.8930941083409913	2.0180245170221265	0.9658644415843648	0.9687618646360562	0.9523578052840816	0.9720136965876857	0.761428422567079	0.7607159302233865	0.7267551784223972	0.7992717429903498
1.9748634826116231	1.9780032340983609	1.9434136583967505	1.9938427087929154	0.989704893245631	0.9923594702643277	0.9801513903947341	0.9949457339389017	0.6451729373470688	0.638123679049983	0.6180345010294506	0.6869520369974879
2.106822428054662	2.089073354539065	2.058559560224744	2.2103841003112024	0.9983586549949766	0.9982887890028841	0.9971196594276709	0.9994927836480881	0.7800225602364529	0.7739031418404054	0.7185915552656026	0.8393779849776627
1.9888225279469245	1.9865347465680496	1.8999571686529915	2.0812423043682164	0.9544896786636163	0.9655641628215299	0.9133115387005047	0.9906580541502911	0.7576120727401487	0.7567897067541076	0.6791598563584806	0.840488261411402
1.919707405845199	1.9223508388752732	1.8862757015028997	1.9602065661187797	0.9894889465227362	0.9978965023396829	0.9681238155094958	0.9978251868861526	0.5756865393414106	0.5751317930365537	0.5207902083673475	0.6168729059896935
2.0209840321879824	2.0125697184880953	1.9654166716521138	2.1151013952323003	0.9052700433657809	0.9099806101928679	0.8538811007260176	0.9782834300208006	0.804066603088777	0.804932611706822	0.7722318234657453	0.8274644366551894
2.0617857152870362	2.0630135078726104	1.928484597456012	2.220831677449903	0.977953240085944	0.9779782615635199	0.9644289729916521	0.9922807026863979	0.7654602149862516	0.7749692795442228	0.6875849728919456	0.8512519997825324
2.0185730912450843	2.018325959815462	1.966745120879412	2.072627561927432	0.9859542563284591	0.9862692589055698	0.9751077093443906	0.9977288791262537	0.6966377412967156	0.6968153147287457	0.6545880416803267	0.7301828685683246
1.9034165788384714	1.915782446156236	1.8272297989264261	1.995837420353925	0.767729629876473	0.7666159623766965	0.7196356868485843	0.8004831355663526	0.608220904117854	0.6186621267189605	0.517147503115885	0.6667727164259865
2.1616373586337265	2.157844948686887	2.0469310068780118	2.2859404131301164	0.8910954773144254	0.9947123741944689	0.8069103859368211	0.9988050102389855	0.6727105767719394	0.6743558921794692	0.605296364266808	0.7427009841527313
1.8849490961925564	1.8849895170667124	1.8736617408288676	1.8929990530471552	0.9763188253346031	0.9765530969647257	0.9755274954407271	0.9771466076460427	0.6820986344106583	0.6819010239449638	0.6781881291780603	0.6872715985222025
1.9826181236691633	1.9819871327157128	1.9264306662048447	2.047034544671579	0.9986729227225432	0.9998140520720356	0.9945025667499222	0.9998604889034197	0.7220939189261733	0.721813307781446	0.6578504765985337	0.7893959651019667
1.9328641842689371	1.9301914584467241	1.873917429465774	1.9815258645082718	0.9916040783354029	0.9961024520648408	0.9814896784682833	0.9984180174452446	0.5640309364000203	0.5686439174243746	0.4767393451250297	0.6370568341573828
1.9673610650111015	1.9662956985163127	1.8754452022364527	2.0886361154422133	0.9966999000014105	0.9966739038391366	0.9950820963996074	0.9979541296223163	0.7402760749743945	0.7375179849423217	0.6948570035332344	0.7881156130734682
1.9524649453287213	1.946407966705642	1.8769574906475053	2.0149726751499415	0.9980817248799349	0.9990402587066617	0.9933184942277193	0.999425550310224	0.6034058568812629	0.6091506806686946	0.5394155448362602	0.6695854562092995
1.7891028940285834	1.7929188160346645	1.7026445143999702	1.8955837646176905	0.9427243904724549	0.9755750294848916	0.8824948121910979	0.9899896359076968	0.7434378521364661	0.7388051151745577	0.6656163823867183	0.8239789532828309
2.033178224968729	2.035558321375979	1.9482431439505148	2.1131149037013146	0.9897840752815134	0.9894678527615549	0.9786653802363862	0.9998907202446544	0.6712126799735323	0.672502408558766	0.6050779749855543	0.7368181702990504
2.2997991532188644	2.302891935764576	2.2335207661859577	2.365983008793497	0.9516372220132093	0.9549671572839776	0.9253616517484293	0.9751200724502661	0.7768315686632334	0.7750198034062015	0.7098239351842945	0.8373829075123956
1.9204587413766483	1.919724247233342	1.8820283093007604	1.9665797025593157	0.9934828317322566	0.9955722623027994	0.9813431944849517	0.9989957273019332	0.5602090382517954	0.5564872296109518	0.4660889520869025	0.6605081945155287
1.7218011361128758	1.714470571645258	1.636645621557939	1.8329366951234705	0.8327957481868438	0.8309309978105189	0.8002347746558983	0.8757999385316091	0.5904951627372682	0.5910008826549575	0.5179944942788516	0.653960113802799
2.1035953216367473	2.104915974345951	2.0092595594124996	2.1929851640914073	0.905824198438557	0.9050046987327364	0.8521528793409283	0.9583022208234926	0.7411271076827137	0.7392560225793607	0.641285015135882	0.8412445846932063
2.0563909186312554	2.047922631828866	2.0074728154882178	2.1436768829205213	0.9620776049283916	0.9616599827616379	0.9372731436138735	0.9830911336996242	0.7361965113404686	0.738435181428538	0.6817352391768194	0.7954736992977541
2.0723045434963896	2.0673428243903804	1.9318990914750542	2.1873358032640313	0.9949972973116339	0.9953938944511576	0.9904026743677482	0.9984273126380999	0.7440709216126873	0.743670085078612	0.6884071279569757	0.7818889214568865
2.400816299728786	2.409368457788314	2.3404617822265794	2.438924659882599	0.9663962966365732	0.9732132586433316	0.9459583264596613	0.9809546467585828	0.5199351505244857	0.5181465499894786	0.4558611192963939	0.5750422854217048
2.050768979863637	2.053460030747995	1.9863455806172339	2.1204362578617606	0.9973782474794953	0.9998268912322298	0.9889648799168452	0.9998863524465628	0.7029878166411405	0.7047039230535393	0.6276032980462126	0.7842810145880816
1.8533128123131413	1.8390449953538532	1.7640070299291701	1.965782094441118	0.8746388158312755	0.8762247748436299	0.8044120289183063	0.9421388732223374	0.7244263810641174	0.721587462780951	0.6557776452416615	0.7881562505462598
2.124987605818115	2.1301150494303123	2.0116344536519324	2.223539005320582	0.9990378514788801	0.9989244650927491	0.9978898100821212	0.9996377537996723	0.7815679478790022	0.802849005139061	0.7212370592976498	0.820730628515045
2.057286074631936	2.060587732078492	1.9817606099753762	2.1419543328076194	0.9866381080146515	0.999053292321086	0.9639951401118277	0.9991027035025818	0.5921591830577904	0.5973974557300682	0.5063371558300889	0.6730531458099309
2.184743635403186	2.177412908519675	2.0274056352714203	2.3284093805629107	0.8421206681070021	0.8404164479137649	0.809913711020117	0.888075956182371	0.7204481453972689	0.726211148547078	0.6448701255085909	0.7891839908697722
2.068026827543372	2.0725652403514654	1.955772457992999	2.1751792454236525	0.892874352371187	0.8919854073591144	0.8330320779121863	0.9510237016161105	0.6725672781419966	0.6724473990587162	0.5755124845425107	0.7704628094723374
1.915524447172913	1.922462351835056	1.8082568530521177	2.0156056872389585	0.8709414766723935	0.8767347831553742	0.8185302065270427	0.9372066210220931	0.6381250444071902	0.6389886525704144	0.5862993156121233	0.6915289396962618
2.1144331831366454	2.1183060316656834	2.0381918492718234	2.185065678502003	0.971484483283812	0.9975163040316156	0.9348646476534985	0.9986241904553584	0.7196858176591262	0.7181753687908298	0.6668906044446385	0.7606247335700322
2.2916717106958435	2.292680349220025	2.1363485890753555	2.450936282066767	0.9956987588975927	0.9959080156665397	0.9915249093651441	0.9995384682161346	0.8743827269908265	0.8844393319787616	0.7989247479024548	0.9329687240819571
2.1481966121931597	2.1456764175641796	2.0630017618508933	2.2145243876964718	0.9959311581527678	0.9988005263080094	0.9811988789600044	0.9998712504462313	0.6718588464131188	0.6751676979095981	0.604897335306705	0.7355721990789754
1.9530525104214715	1.9544139233357176	1.8800753358713906	1.9992482481856149	0.9863988377398815	0.9869409622873292	0.972495447894559	0.9986986892943169	0.6637829979938944	0.6624417214372141	0.5862929348611733	0.7376479062717495
1.8898434337780272	1.8899064394741818	1.8400225812458497	1.927980714078837	0.8660658165889866	0.8656570546606571	0.8544141474005406	0.8774848312681928	0.6156946697669321	0.6073552898379525	0.5914445737818	0.6516148646447545
1.9279066615459066	1.9193804452449272	1.8915161700848713	1.9703366031400857	0.9682975434755544	0.9772693241694983	0.9329143038086201	0.9926960740883087	0.6172780230610881	0.6150915733823047	0.5548235960758324	0.6899807282926426
2.0453342329901014	2.047642026020333	2.0130395129883634	2.076475661990735	0.9878817841253547	0.991146072110065	0.9698789121058752	0.9966316849828649	0.7161653023371861	0.7201527856625753	0.659071679296052	0.7638160244708431
2.205823206556969	2.2066201733821598	2.154441524988433	2.2656917422538534	0.9989830220731656	0.9988171292304583	0.9986307514140912	0.9996738279856394	0.6565155033286146	0.6566672885069821	0.6176155601159906	0.6989750205721026
2.18231866614429	2.174866933083409	2.07434697859953	2.293527065477082	0.9786772230046843	0.9988062423548211	0.9390113350584558	0.9998597008441161	0.7537436084077574	0.7520863271397011	0.6768856544929802	0.8245954162206414
1.840622176147333	1.8403304015611632	1.8385618734397895	1.8429097204902805	0.9998741387428088	0.9998735592199944	0.9998730947574584	0.9998750510749711	0.6857739482820863	0.6854334411039688	0.6843134948182451	0.6871208437636176
2.0831853556249342	2.0858521321673806	1.9982783036573002	2.1806179263039724	0.9933586951603408	0.9974924603430894	0.9814400905791366	0.9991857667941434	0.6405443829753049	0.6397465201970876	0.5749183386341951	0.6892421920917335
2.0629096782426286	2.0647987064450155	1.9899899974901034	2.1376574186146886	0.988794895938494	0.9902759349830552	0.9764573798309879	0.9973574693017084	0.5899119869212099	0.5937813474386181	0.5108798624044707	0.6633417320605092
2.019447584767037	2.0354932206866527	1.9312203352118837	2.081312244572545	0.9930605239923176	0.9924182388679523	0.9885086267042402	0.9977567359145398	0.7255261829405354	0.7286905839026941	0.6648908483634967	0.7803646813521078
1.9271171050604823	1.9206731308216225	1.8664386480369948	2.0046376911792176	0.9887619532884695	0.9903643087187897	0.9740898229070131	0.9988575716845912	0.6332944339746339	0.6340525912409077	0.5598086079675298	0.7167447535738343
1.9251407058834356	1.9269236127276668	1.808552204977823	2.0636733618070777	0.9728138581354424	0.9913077998580688	0.9200809289801807	0.9948682099024233	0.7966075964028575	0.7992095415161152	0.7296678113734868	0.8512428812925701
1.9103396526818526	1.9136365166821736	1.8757846573357686	1.944030293860357	0.9528105240788712	0.9531081816330983	0.9291050252712535	0.9737173533815324	0.6925364909975213	0.6919254694505161	0.6250254824503076	0.760812155569466
2.1166344823746974	2.1050094678087254	2.0094127556020505	2.261445940716297	0.962424112803303	0.9647526466478131	0.9480611314480092	0.9732847100424077	0.8700793476469624	0.8689974118275959	0.8043259260322604	0.9226365717812818
2.086121245019145	2.0907675952806963	1.974734435725901	2.2056546736890765	0.99867575191461	0.9992124391315567	0.9967921996800596	0.9996904030375506	0.8622558950310925	0.8658020865598556	0.8253429896675837	0.8967134716123004
2.0950505275763884	2.0838391958467244	2.0507005281243638	2.1762361569916786	0.9618540813878852	0.9658133690731131	0.9340169988643452	0.983586918807057	0.7342876134715561	0.7329698649886874	0.6644949519513533	0.8110856590329215
2.1361493938681946	2.1155311315742016	2.0350407019763277	2.2555600116945094	0.9932514567800234	0.9993824270148867	0.9790051243416822	0.9994419793493278	0.7086493822928831	0.7050511803106504	0.6474184801886956	0.7703220482355747
2.0708576187102885	2.074587180962077	1.995938500148433	2.1614497731272007	0.9980224565744273	0.9977479515666934	0.9964786493272862	0.9994975182570573	0.723137559488888	0.7411706425359577	0.6517558107418214	0.7770723126340936
1.9619351217694039	1.965740075511575	1.8758786339281817	2.057852724770776	0.9994057740949033	0.9996684580906344	0.9981020268378417	0.9998688098947048	0.7966484838730584	0.7999885666101195	0.731218110846944	0.8582169660222481
2.0416275679714073	2.0449717221890236	1.9103716394505168	2.1753459929085976	0.991201227388839	0.9905465666653697	0.9856634511856884	0.9973251812222151	0.7570507205575514	0.7560448210473627	0.6882571820973759	0.8352623991867538
1.9112655246355195	1.9039985380946112	1.8257151081425194	2.0000558335222807	0.9979941373334597	0.9977672579012075	0.9965932060997078	0.9994970919161005	0.8560039628637647	0.8565183037818211	0.8288025499884322	0.8831441265425332
2.1211937294554737	2.128766476683741	2.0343194523709323	2.1927467547072514	0.991832715319357	0.9926805225864261	0.9824505572873173	0.9981183917847425	0.6765316932996518	0.6779639239562686	0.597198613163425	0.7469539765229596
1.9990042674534005	2.008823447904065	1.9176715038208132	2.073232225041715	0.9615288481397565	0.9599014922667525	0.9289131550215394	0.9914602449822157	0.7400366232498485	0.7428769093729336	0.6741092357747054	0.8093654233341007
2.13773320450116	2.132135313800517	2.0437645245459515	2.2941936593272096	0.9854495998981176	0.987737640423808	0.9628151231071144	0.9997064059203921	0.7427794925207826	0.7415936710054598	0.684045647166545	0.8078865529471548
1.8383667713657639	1.8326498010102303	1.6792787595678542	1.9957856158255316	0.9191499005272038	0.9216109422654428	0.8752015388092983	0.9589582554047704	0.7422626655472232	0.7434014872317782	0.672530614738527	0.8160588491951322
1.998693276505211	2.002463618956562	1.9067440119365202	2.076506957214483	0.9864124304805063	0.9892576766883997	0.9657626095683473	0.9978888457806526	0.7003470299201291	0.6989228629719983	0.6148846898471435	0.7731085954001772
2.0925716575032394	2.0870763978297227	2.01795466644769	2.169694527968984	0.9731277268088642	0.9785288522405448	0.9502547117520508	0.9961300649416654	0.7079139727771049	0.7183030973768331	0.6393880916163708	0.7625883312021456
1.9296190973952752	1.9457759634182197	1.7866275492642754	2.0089401979676627	0.9985413839684117	0.9988470235849323	0.997218864357414	0.9994970954710352	0.7807010385219398	0.7756740437972359	0.7207536113761115	0.8318556492440783
2.049334408908709	2.0483255084110557	1.984206296762795	2.1292532442009704	0.9763699577130223	0.9881526155689473	0.9500118123857915	0.9984083395113128	0.7721408907502735	0.7744324209940902	0.7239063277316964	0.8152864409595115
1.968352394396875	1.980568395710943	1.8827407278552426	2.054618361365016	0.9179354425133599	0.9205608984837346	0.8772837115083865	0.957653277186646	0.6775660707885834	0.6819607592527739	0.6029240042821126	0.7438211034294743
1.9622133208760477	1.9644527731609993	1.877763997617581	2.0465774011919162	0.957761519401817	0.995419830280643	0.8950600500769029	0.9978665641353819	0.7586383033398537	0.7551626020366683	0.6954201623441291	0.8157082844647076
1.9502735962815847	1.9602697542886287	1.834226534306262	2.03843417047738	0.9811772022954298	0.9823595516559883	0.9700636448284473	0.9843093292338103	0.7899020168755148	0.7860838423512166	0.7501059413957839	0.8260418303120834
1.9586083675475707	1.954315902612589	1.8816048063450208	2.0581803725449803	0.9912862634481772	0.9926654703156303	0.9795203608367925	0.9968631772461799	0.6349312082549496	0.6404465085257639	0.5499991466421921	0.704186863210072
2.112880981613946	2.1138479318730745	2.0483132148870578	2.191094221592509	0.9987888518571132	0.999371387391478	0.9956603647820185	0.999815848742843	0.6783395161647526	0.6828656806350335	0.6042943949459426	0.7483128206530929
2.0881305404451784	2.0850962314151693	1.9950454702242304	2.1774471661233403	0.9022441110414864	0.9015073718923127	0.8491330458427977	0.9542558164227607	0.8183953101268737	0.8211879394022062	0.7748069395795346	0.8523596237399594
1.955403537148398	1.9462026662340273	1.9015557647230623	2.0353955909363424	0.9845291496864296	0.983740067531858	0.9786706668880429	0.9912738118303298	0.6829718739854473	0.6876852076926198	0.6143808048440459	0.7464150624337468
2.3115486045298397	2.312823179896845	2.237671144716701	2.3704827414291323	0.9206383361499754	0.9217055641955144	0.8792989739525329	0.9578768674855274	0.7246843436848984	0.7228649695528836	0.6861146311031335	0.7704840547271967
2.013851465743132	2.0126854275997395	1.904952291047735	2.107771010577401	0.9717853761223394	0.9712742676706936	0.9496680255561304	0.9928758277700607	0.7789544217141318	0.7922098754327638	0.6764945975741793	0.9269073576472967
2.058504737941593	2.057265876907383	1.954109850319039	2.1548735024825496	0.998614611333735	0.9982254181873272	0.9979817038262808	0.999651062708778	0.7109446953387882	0.7113760876562557	0.6456755327792779	0.7806965508515862
1.8586103430043854	1.828853504386996	1.7636641720519826	1.996258409583846	0.805304895687462	0.8045080953494553	0.7572078830165255	0.8519372302897502	0.7968173701774685	0.7962731722456454	0.7468394858598504	0.8560089193880611
2.074339674016355	2.070113126876066	2.0024208530198724	2.1525354984733154	0.957506165568709	0.9577077930819698	0.941703573436048	0.9742209171027436	0.7761285581788571	0.7764573923043131	0.737057200121724	0.8135675915420681
2.332568852116062	2.329421655421216	2.231316800954736	2.4331367403591746	0.9601240749398787	0.9597585768378171	0.9435829980982046	0.9748262109579839	0.7606141862977409	0.7630237521266923	0.6905040096528949	0.8234000902812484
1.766427332524868	1.7767048289546896	1.6051611648969806	1.9023563883777739	0.8163690433890335	0.80995664256079	0.7669001442007821	0.8790214666644591	0.6806460352000708	0.6835024072474253	0.5572784853331357	0.7991391448213767
1.924455215479614	1.927038732430772	1.8279213885877277	2.033109479346439	0.9900215710327731	0.9933409423312081	0.9628795530243082	0.9994115051233817	0.7781172801605781	0.7792124343020592	0.7112978905001965	0.8404034362947804
1.9839296839956988	1.9663967210916138	1.9232494071194832	2.0780707303094355	0.9796657167114466	0.9849326836290245	0.9572916988637988	0.9915615565485978	0.7110134772191519	0.7111242922056403	0.6475055520567613	0.7752454438010046
2.12709799428417	2.1247415674673813	1.9811857791397498	2.2915844241611607	0.9582213976668998	0.9575769338167149	0.9356269237802187	0.9897029037646263	0.8329592136594338	0.8421525413703438	0.7429852094544729	0.9151356192263774
